==================== Reading Data ====================
The data read is: 
[[4.9 3.0 1.4 0.2 'Iris-setosa']
 [4.7 3.2 1.3 0.2 'Iris-setosa']
 [4.6 3.1 1.5 0.2 'Iris-setosa']
 [5.0 3.6 1.4 0.2 'Iris-setosa']
 [5.4 3.9 1.7 0.4 'Iris-setosa']
 [4.6 3.4 1.4 0.3 'Iris-setosa']
 [5.0 3.4 1.5 0.2 'Iris-setosa']
 [4.4 2.9 1.4 0.2 'Iris-setosa']
 [4.9 3.1 1.5 0.1 'Iris-setosa']
 [5.4 3.7 1.5 0.2 'Iris-setosa']
 [4.8 3.4 1.6 0.2 'Iris-setosa']
 [4.8 3.0 1.4 0.1 'Iris-setosa']
 [4.3 3.0 1.1 0.1 'Iris-setosa']
 [5.8 4.0 1.2 0.2 'Iris-setosa']
 [5.7 4.4 1.5 0.4 'Iris-setosa']
 [5.4 3.9 1.3 0.4 'Iris-setosa']
 [5.1 3.5 1.4 0.3 'Iris-setosa']
 [5.7 3.8 1.7 0.3 'Iris-setosa']
 [5.1 3.8 1.5 0.3 'Iris-setosa']
 [5.4 3.4 1.7 0.2 'Iris-setosa']
 [5.1 3.7 1.5 0.4 'Iris-setosa']
 [4.6 3.6 1.0 0.2 'Iris-setosa']
 [5.1 3.3 1.7 0.5 'Iris-setosa']
 [4.8 3.4 1.9 0.2 'Iris-setosa']
 [5.0 3.0 1.6 0.2 'Iris-setosa']
 [5.0 3.4 1.6 0.4 'Iris-setosa']
 [5.2 3.5 1.5 0.2 'Iris-setosa']
 [5.2 3.4 1.4 0.2 'Iris-setosa']
 [4.7 3.2 1.6 0.2 'Iris-setosa']
 [4.8 3.1 1.6 0.2 'Iris-setosa']
 [5.4 3.4 1.5 0.4 'Iris-setosa']
 [5.2 4.1 1.5 0.1 'Iris-setosa']
 [5.5 4.2 1.4 0.2 'Iris-setosa']
 [4.9 3.1 1.5 0.1 'Iris-setosa']
 [5.0 3.2 1.2 0.2 'Iris-setosa']
 [5.5 3.5 1.3 0.2 'Iris-setosa']
 [4.9 3.1 1.5 0.1 'Iris-setosa']
 [4.4 3.0 1.3 0.2 'Iris-setosa']
 [5.1 3.4 1.5 0.2 'Iris-setosa']
 [5.0 3.5 1.3 0.3 'Iris-setosa']
 [4.5 2.3 1.3 0.3 'Iris-setosa']
 [4.4 3.2 1.3 0.2 'Iris-setosa']
 [5.0 3.5 1.6 0.6 'Iris-setosa']
 [5.1 3.8 1.9 0.4 'Iris-setosa']
 [4.8 3.0 1.4 0.3 'Iris-setosa']
 [5.1 3.8 1.6 0.2 'Iris-setosa']
 [4.6 3.2 1.4 0.2 'Iris-setosa']
 [5.3 3.7 1.5 0.2 'Iris-setosa']
 [5.0 3.3 1.4 0.2 'Iris-setosa']
 [7.0 3.2 4.7 1.4 'Iris-versicolor']
 [6.4 3.2 4.5 1.5 'Iris-versicolor']
 [6.9 3.1 4.9 1.5 'Iris-versicolor']
 [5.5 2.3 4.0 1.3 'Iris-versicolor']
 [6.5 2.8 4.6 1.5 'Iris-versicolor']
 [5.7 2.8 4.5 1.3 'Iris-versicolor']
 [6.3 3.3 4.7 1.6 'Iris-versicolor']
 [4.9 2.4 3.3 1.0 'Iris-versicolor']
 [6.6 2.9 4.6 1.3 'Iris-versicolor']
 [5.2 2.7 3.9 1.4 'Iris-versicolor']
 [5.0 2.0 3.5 1.0 'Iris-versicolor']
 [5.9 3.0 4.2 1.5 'Iris-versicolor']
 [6.0 2.2 4.0 1.0 'Iris-versicolor']
 [6.1 2.9 4.7 1.4 'Iris-versicolor']
 [5.6 2.9 3.6 1.3 'Iris-versicolor']
 [6.7 3.1 4.4 1.4 'Iris-versicolor']
 [5.6 3.0 4.5 1.5 'Iris-versicolor']
 [5.8 2.7 4.1 1.0 'Iris-versicolor']
 [6.2 2.2 4.5 1.5 'Iris-versicolor']
 [5.6 2.5 3.9 1.1 'Iris-versicolor']
 [5.9 3.2 4.8 1.8 'Iris-versicolor']
 [6.1 2.8 4.0 1.3 'Iris-versicolor']
 [6.3 2.5 4.9 1.5 'Iris-versicolor']
 [6.1 2.8 4.7 1.2 'Iris-versicolor']
 [6.4 2.9 4.3 1.3 'Iris-versicolor']
 [6.6 3.0 4.4 1.4 'Iris-versicolor']
 [6.8 2.8 4.8 1.4 'Iris-versicolor']
 [6.7 3.0 5.0 1.7 'Iris-versicolor']
 [6.0 2.9 4.5 1.5 'Iris-versicolor']
 [5.7 2.6 3.5 1.0 'Iris-versicolor']
 [5.5 2.4 3.8 1.1 'Iris-versicolor']
 [5.5 2.4 3.7 1.0 'Iris-versicolor']
 [5.8 2.7 3.9 1.2 'Iris-versicolor']
 [6.0 2.7 5.1 1.6 'Iris-versicolor']
 [5.4 3.0 4.5 1.5 'Iris-versicolor']
 [6.0 3.4 4.5 1.6 'Iris-versicolor']
 [6.7 3.1 4.7 1.5 'Iris-versicolor']
 [6.3 2.3 4.4 1.3 'Iris-versicolor']
 [5.6 3.0 4.1 1.3 'Iris-versicolor']
 [5.5 2.5 4.0 1.3 'Iris-versicolor']
 [5.5 2.6 4.4 1.2 'Iris-versicolor']
 [6.1 3.0 4.6 1.4 'Iris-versicolor']
 [5.8 2.6 4.0 1.2 'Iris-versicolor']
 [5.0 2.3 3.3 1.0 'Iris-versicolor']
 [5.6 2.7 4.2 1.3 'Iris-versicolor']
 [5.7 3.0 4.2 1.2 'Iris-versicolor']
 [5.7 2.9 4.2 1.3 'Iris-versicolor']
 [6.2 2.9 4.3 1.3 'Iris-versicolor']
 [5.1 2.5 3.0 1.1 'Iris-versicolor']
 [5.7 2.8 4.1 1.3 'Iris-versicolor']
 [6.3 3.3 6.0 2.5 'Iris-virginica']
 [5.8 2.7 5.1 1.9 'Iris-virginica']
 [7.1 3.0 5.9 2.1 'Iris-virginica']
 [6.3 2.9 5.6 1.8 'Iris-virginica']
 [6.5 3.0 5.8 2.2 'Iris-virginica']
 [7.6 3.0 6.6 2.1 'Iris-virginica']
 [4.9 2.5 4.5 1.7 'Iris-virginica']
 [7.3 2.9 6.3 1.8 'Iris-virginica']
 [6.7 2.5 5.8 1.8 'Iris-virginica']
 [7.2 3.6 6.1 2.5 'Iris-virginica']
 [6.5 3.2 5.1 2.0 'Iris-virginica']
 [6.4 2.7 5.3 1.9 'Iris-virginica']
 [6.8 3.0 5.5 2.1 'Iris-virginica']
 [5.7 2.5 5.0 2.0 'Iris-virginica']
 [5.8 2.8 5.1 2.4 'Iris-virginica']
 [6.4 3.2 5.3 2.3 'Iris-virginica']
 [6.5 3.0 5.5 1.8 'Iris-virginica']
 [7.7 3.8 6.7 2.2 'Iris-virginica']
 [7.7 2.6 6.9 2.3 'Iris-virginica']
 [6.0 2.2 5.0 1.5 'Iris-virginica']
 [6.9 3.2 5.7 2.3 'Iris-virginica']
 [5.6 2.8 4.9 2.0 'Iris-virginica']
 [7.7 2.8 6.7 2.0 'Iris-virginica']
 [6.3 2.7 4.9 1.8 'Iris-virginica']
 [6.7 3.3 5.7 2.1 'Iris-virginica']
 [7.2 3.2 6.0 1.8 'Iris-virginica']
 [6.2 2.8 4.8 1.8 'Iris-virginica']
 [6.1 3.0 4.9 1.8 'Iris-virginica']
 [6.4 2.8 5.6 2.1 'Iris-virginica']
 [7.2 3.0 5.8 1.6 'Iris-virginica']
 [7.4 2.8 6.1 1.9 'Iris-virginica']
 [7.9 3.8 6.4 2.0 'Iris-virginica']
 [6.4 2.8 5.6 2.2 'Iris-virginica']
 [6.3 2.8 5.1 1.5 'Iris-virginica']
 [6.1 2.6 5.6 1.4 'Iris-virginica']
 [7.7 3.0 6.1 2.3 'Iris-virginica']
 [6.3 3.4 5.6 2.4 'Iris-virginica']
 [6.4 3.1 5.5 1.8 'Iris-virginica']
 [6.0 3.0 4.8 1.8 'Iris-virginica']
 [6.9 3.1 5.4 2.1 'Iris-virginica']
 [6.7 3.1 5.6 2.4 'Iris-virginica']
 [6.9 3.1 5.1 2.3 'Iris-virginica']
 [5.8 2.7 5.1 1.9 'Iris-virginica']
 [6.8 3.2 5.9 2.3 'Iris-virginica']
 [6.7 3.3 5.7 2.5 'Iris-virginica']
 [6.7 3.0 5.2 2.3 'Iris-virginica']
 [6.3 2.5 5.0 1.9 'Iris-virginica']
 [6.5 3.0 5.2 2.0 'Iris-virginica']
 [6.2 3.4 5.4 2.3 'Iris-virginica']
 [5.9 3.0 5.1 1.8 'Iris-virginica']]


==================== Applying PCA ====================
The features after applying PCA is: 
[[-2.73363445 -0.16331092]
 [-2.90803676 -0.13076902]
 [-2.76491784 -0.30475856]
 [-2.7461081   0.34027983]
 [-2.29679724  0.75348469]
 [-2.83904793 -0.0755604 ]
 [-2.64423265  0.17657389]
 [-2.90682876 -0.56422248]
 [-2.69199575 -0.10050325]
 [-2.52354747  0.65790634]
 [-2.63112977  0.02770681]
 [-2.80576609 -0.2213837 ]
 [-3.24397251 -0.4961847 ]
 [-2.65975154  1.19234788]
 [-2.39988069  1.3506441 ]
 [-2.63931625  0.82429682]
 [-2.66585361  0.32535115]
 [-2.21575231  0.88473854]
 [-2.6045924   0.52665249]
 [-2.32791942  0.4034959 ]
 [-2.56060135  0.44614179]
 [-3.23368084  0.14876388]
 [-2.32098224  0.11122065]
 [-2.37424051 -0.02540228]
 [-2.52611151 -0.13313497]
 [-2.48686648  0.14385237]
 [-2.57982864  0.38073938]
 [-2.65733554  0.32544096]
 [-2.6511475  -0.18387812]
 [-2.60676122 -0.19129755]
 [-2.42744251  0.42388348]
 [-2.66443393  0.82625736]
 [-2.61352803  1.10619867]
 [-2.69199575 -0.10050325]
 [-2.88487621  0.08368008]
 [-2.64229784  0.61289151]
 [-2.69199575 -0.10050325]
 [-3.00058136 -0.47351799]
 [-2.60796922  0.24215591]
 [-2.7877468   0.27747216]
 [-2.87158978 -0.9264554 ]
 [-3.01682706 -0.32751508]
 [-2.42325291  0.20183533]
 [-2.22620519  0.44833111]
 [-2.73402967 -0.23640219]
 [-2.55483086  0.5164587 ]
 [-2.85867044 -0.21405407]
 [-2.5598109   0.59232432]
 [-2.72173956  0.12127547]
 [ 1.26785226  0.6856034 ]
 [ 0.91488037  0.3200081 ]
 [ 1.44683939  0.50410462]
 [ 0.16172993 -0.82370953]
 [ 1.06926494  0.07588127]
 [ 0.62179131 -0.41605337]
 [ 1.0776218   0.28451223]
 [-0.7709864  -0.99775123]
 [ 1.02566911  0.22948323]
 [-0.0293133  -0.71825598]
 [-0.53097208 -1.2595811 ]
 [ 0.49291964 -0.10079581]
 [ 0.24356531 -0.54627315]
 [ 0.96584991 -0.12363915]
 [-0.19326273 -0.24930664]
 [ 0.91029555  0.46896498]
 [ 0.6410186  -0.35065097]
 [ 0.21605396 -0.33013295]
 [ 0.92358198 -0.54117049]
 [ 0.0243815  -0.57940308]
 [ 1.09805709 -0.08353883]
 [ 0.33869628 -0.06521013]
 [ 1.27799588 -0.32739624]
 [ 0.90223634 -0.18162211]
 [ 0.69625299  0.15142829]
 [ 0.88215497  0.33038151]
 [ 1.31344654  0.24473051]
 [ 1.53980154  0.2672176 ]
 [ 0.79419518 -0.16132435]
 [-0.32586514 -0.36249822]
 [-0.08938884 -0.70028352]
 [-0.2108868  -0.67507124]
 [ 0.11653087 -0.30974537]
 [ 1.3600876  -0.4210547 ]
 [ 0.56849174 -0.48181501]
 [ 0.78944915  0.19617369]
 [ 1.20305302  0.40834664]
 [ 0.7943564  -0.3698655 ]
 [ 0.22676318 -0.26482035]
 [ 0.14548423 -0.67770662]
 [ 0.44401218 -0.66800805]
 [ 0.87209731 -0.03293466]
 [ 0.21028347 -0.40044986]
 [-0.72660012 -1.00517067]
 [ 0.33676147 -0.50152775]
 [ 0.31278815 -0.20943212]
 [ 0.35677921 -0.28994282]
 [ 0.62372612  0.02026425]
 [-0.92760343 -0.74798588]
 [ 0.27927231 -0.34524124]
 [ 2.51362245 -0.0132104 ]
 [ 1.39516536 -0.57474647]
 [ 2.59899587  0.34018141]
 [ 1.95251737 -0.18183938]
 [ 2.33165373 -0.04311693]
 [ 3.37972129  0.54417028]
 [ 0.49952523 -1.18975088]
 [ 2.91455996  0.35005959]
 [ 2.301322   -0.24692319]
 [ 2.90125455  0.77832912]
 [ 1.64426335  0.2418257 ]
 [ 1.78400546 -0.21666042]
 [ 2.14768656  0.21424748]
 [ 1.32538608 -0.77613761]
 [ 1.56638355 -0.53929124]
 [ 1.88686405  0.11830988]
 [ 1.93129164  0.04002915]
 [ 3.4724999   1.16855166]
 [ 3.77710179  0.24961889]
 [ 1.27920388 -0.7608497 ]
 [ 2.41070022  0.37540785]
 [ 1.17912435 -0.60501224]
 [ 3.48199197  0.4535556 ]
 [ 1.36935481 -0.20392106]
 [ 2.25831409  0.33226376]
 [ 2.59703873  0.55659104]
 [ 1.23933878 -0.17879859]
 [ 1.2724594  -0.11608073]
 [ 2.10450828 -0.21178655]
 [ 2.37028851  0.46101268]
 [ 2.82355495  0.37053698]
 [ 3.2164011   1.36784329]
 [ 2.14037649 -0.21929579]
 [ 1.42488684 -0.14379794]
 [ 1.76088622 -0.50197081]
 [ 3.05957239  0.68324898]
 [ 2.12711239  0.13811243]
 [ 1.88690536  0.04744858]
 [ 1.15056621 -0.16395972]
 [ 2.0901974   0.37053399]
 [ 2.29653466  0.18143615]
 [ 1.90504456  0.4086246 ]
 [ 1.39516536 -0.57474647]
 [ 2.54569629  0.27441977]
 [ 2.40178693  0.30222678]
 [ 1.92627029  0.18675607]
 [ 1.50709846 -0.37513625]
 [ 1.7461388   0.07811976]
 [ 1.88372124  0.11544572]
 [ 1.37119204 -0.28265084]]


Number of Components selected: 2
Variance captured: 97.73879874667986 %


==================== Applying K-Means ====================
NMI for k = 2: 0.6539033163207654
NMI for k = 3: 0.587130016552008
NMI for k = 4: 0.5678530958500376
NMI for k = 5: 0.5582521941880485
NMI for k = 6: 0.6216166326197387
NMI for k = 7: 0.6176225403429995
NMI for k = 8: 0.5965567445744009


Value of k for which the value of nmi is maximum is 2 with nmi 0.6539033163207654
